20	542.905912	True	0.2693	0
3	8	-7	5	-32	-5	37	15	20	3	-2	44	9	30	-24	-15	8	-1	23	-6	
-6	-3	14	17	17	-41	33	-29	-14	37	20	38	38	-38	8	15	-11	37	-4	38	
-3	-13	-25	27	22	-41	-30	30	19	29	-3	14	32	49	38	-1	-21	-31	-31	-36	
14	-25	15	-41	7	-18	-19	24	-27	-15	25	5	-22	-16	-50	-50	-14	3	-45	-12	
17	27	-41	-8	8	-19	-49	15	-9	7	-15	-39	-4	32	41	-50	-36	49	3	-38	
17	22	7	8	-44	18	-3	-47	26	2	28	-35	-30	49	8	-27	29	-37	35	-2	
-41	-41	-18	-19	18	45	19	44	-50	0	-14	-16	-2	43	-47	48	-8	27	-29	23	
33	-30	-19	-49	-3	19	-48	48	12	-15	44	17	32	-4	49	-30	31	0	-23	-36	
-29	30	24	15	-47	44	48	-39	-48	1	30	-18	4	-50	-12	-31	-4	-8	6	10	
-14	19	-27	-9	26	-50	12	-48	-10	22	-31	45	22	-24	16	2	17	11	-36	46	
37	29	-15	7	2	0	-15	1	22	-21	-29	-25	30	10	11	33	-17	-18	20	35	
20	-3	25	-15	28	-14	44	30	-31	-29	29	-39	-12	43	-49	45	-6	38	-26	17	
38	14	5	-39	-35	-16	17	-18	45	-25	-39	34	-40	4	-13	-22	-48	-23	33	39	
38	32	-22	-4	-30	-2	32	4	22	30	-12	-40	-9	-27	-47	-4	40	0	-47	-19	
-38	49	-16	32	49	43	-4	-50	-24	10	43	4	-27	-17	-45	-14	-50	25	-16	19	
8	38	-50	41	8	-47	49	-12	16	11	-49	-13	-47	-45	-15	-20	-21	-17	-32	-33	
15	-1	-50	-50	-27	48	-30	-31	2	33	45	-22	-4	-14	-20	20	21	-32	42	-7	
-11	-21	-14	-36	29	-8	31	-4	17	-17	-6	-48	40	-50	-21	21	13	-34	-14	44	
37	-31	3	49	-37	27	0	-8	11	-18	38	-23	0	25	-17	-32	-34	5	14	25	
-4	-31	-45	3	35	-29	-23	6	-36	20	-26	33	-47	-16	-32	42	-14	14	-45	-50	
38	-36	-12	-38	-2	23	-36	10	46	35	17	39	-19	19	-33	-7	44	25	-50	-20	
